1513,7
1513,6
1513,5
1513,4
1513,3
1513,2
1513,1
1513,0
1512,4
1512,3
1512,2
1512,1
1512,0
1511,4
1511,3
1511,2
1511,1
1511,0
1510,5
1510,4
1510,3
1510,2
1510,1
1510,0
1509,3
1509,2
1509,1
1509,0
1508,3
1508,2
1508,1
1508,0
1507,4
1507,3
1507,2
1507,1
1507,0
1506,3
1506,2
1506,1
1506,0
1505,3
1505,2
1505,1
1505,0
1504,14
1504,13
1504,12
1504,11
1504,10
1504,9
1504,8
1504,7
1504,6
1504,5
1504,4
1504,3
1504,2
1504,1
1504,0
1503,3
1503,2
1503,1
1503,0
1502,3
1502,2
1502,1
1502,0
1501,7
1501,6
1501,5
1501,4
1501,3
1501,2
1501,1
1501,0
1500,3
1500,2
1500,1
1500,0
1499,3
1499,2
1499,1
1499,0
1498,4
1498,3
1498,2
1498,1
1498,0
1497,10
1497,9
1497,8
1497,7
1497,6
1497,5
1497,4
1497,3
1497,2
1497,1
1497,0
1496,12
1496,11
1496,10
1496,9
1496,8
1496,7
1496,6
1496,5
1496,4
